12
1	2	0	0
2	3	0	0
3	3	1	1
4	4	1	1
5	4	1	1
6	5	2	2
7	5	2	2
8	6	2	2
9	6	3	3
10	7	3	3
11	7	3	3
12	8	4	4
13	8	4	4
14	9	4	4
15	9	5	5
16	10	5	5
17	10	5	5
18	11	6	6
19	11	6	6
20	12	6	6


8
0	2	0	2
1	3	0	3
2	3	1	3
3	4	1	4
3	4	1	4
4	5	2	5
5	5	2	5
6	6	2	6
6	6	3	6
7	7	3	7
8	7	3	7
9	8	4	8
9	8	4	8
10	9	4	9
11	9	5	9
12	10	5	10
12	10	5	10
13	11	6	11
14	11	6	11
15	12	6	12


10
1	2	0	0
2	3	0	0
3	3	1	1
4	4	1	1
5	4	1	1
6	5	2	2
7	5	2	2
8	6	2	2
9	6	3	3
10	7	3	3
11	7	3	3
12	8	4	4
13	8	4	4
14	9	4	4
15	9	5	5
16	10	5	5
17	10	5	5
18	11	6	6
19	11	6	6
20	12	6	6


6
0	0	2	0
1	0	3	0
2	1	3	1
3	1	4	1
3	1	4	1
4	2	5	2
5	2	5	2
6	2	6	2
6	3	6	3
7	3	7	3
8	3	7	3
9	4	8	4
9	4	8	4
10	4	9	4
11	5	9	5
12	5	10	5
12	5	10	5
13	6	11	6
14	6	11	6
15	6	12	6


4
0	0	0	2
1	0	0	3
1	1	1	3
2	1	1	4
2	1	1	4
3	2	2	5
3	2	2	5
4	2	2	6
4	3	3	6
5	3	3	7
5	3	3	7
6	4	4	8
6	4	4	8
7	4	4	9
7	5	5	9
8	5	5	10
8	5	5	10
9	6	6	11
9	6	6	11
10	6	6	12


